3.2 [0.         0.98299913 0.98224778] [-144.17540194   -4.07524235]
4.300000000000001 [1.         0.95504668 0.97928632] [-151.65137041   -4.08640473]
4.5 [0.         0.99607127 0.10023344] [ -4.17895306 -10.00638387]
5.6 [0.         0.00270321 0.64719665] [-56.06096747  -1.74428806]
5.799999999999999 [0.         0.01706049 0.96705492] [-11.85763227  -1.8100424 ]
5.999999999999998 [0.         0.21766284 0.9738187 ] [-40.55354006  -5.44972499]
6.1999999999999975 [0.         0.37351101 0.51563835] [-24.20766643  -7.92075551]
6.399999999999997 [0.         0.71818653 0.80195724] [-131.74671946   -4.9716469 ]
6.599999999999996 [0.         0.96193638 0.29214753] [-4.31963815 -8.38703195]
7.699999999999996 [1.         0.00370977 0.84507763] [-31.13988484  -1.51202015]
7.899999999999995 [0.         0.98385383 0.69733025] [-60.16671172  -5.23192793]
8.099999999999994 [0.         0.82894003 0.00469548] [-15.74988581 -10.41464339]
8.299999999999994 [0.         0.00620341 0.00928445] [-269.34401983   -3.53727365]
8.499999999999993 [0.         0.41595331 0.23125495] [-13.71188331 -10.93012996]
8.699999999999992 [0.         0.48767632 0.00054596] [-13.92972594 -11.82336827]
9.799999999999992 [1.00000000e+00 6.64218590e-04 9.41667795e-01] [-21.83478081  -1.2643598 ]
9.999999999999991 [0.         0.99440079 0.45182168] [-16.78482115  -6.841258  ]
11.09999999999999 [0.         0.99980858 0.19725947] [-2.35021242 -9.34137969]
11.29999999999999 [0.         0.89896109 0.1855179 ] [-5.37077915 -9.55179309]
12.39999999999999 [0.         0.04680635 0.97073144] [-6.33703114 -2.80006944]
12.599999999999989 [0.         0.21383535 0.77122546] [-14.30838363  -6.47016851]
13.699999999999989 [0.         0.52206242 0.03516006] [ -6.19686413 -11.5803043 ]
14.799999999999988 [0.         0.32233354 0.31650075] [-21.23400265 -10.46181677]
14.999999999999988 [0.         0.00478739 0.55376607] [-74.97336274  -2.03593191]
16.099999999999987 [0.         0.93712302 0.11802031] [-1.75431729 -9.98264078]
16.29999999999999 [0.         0.61787669 0.01323686] [ -8.66898057 -11.0776106 ]
17.39999999999999 [0.         0.96509497 0.15123022] [-1.00006752 -9.75481473]
18.499999999999993 [0.         0.72559436 0.01142746] [-19.77542621 -10.6713884 ]
19.599999999999994 [0.         0.98292648 0.14405854] [-1.74359144 -9.78761563]
20.699999999999996 [0.         0.99852658 0.131576  ] [-3.27451845 -9.85180724]
21.799999999999997 [0.         0.95095261 0.23342026] [-2.20337846 -9.02028298]
22.9 [0.         0.99065169 0.19889222] [-1.75620364 -9.33275201]
24.0 [0.         0.93012636 0.18126766] [-2.16735687 -9.55169307]
25.1 [0.         0.18115096 0.78854551] [-7.30189417 -6.22528869]
26.200000000000003 [0.         0.96820439 0.2261963 ] [-1.56334452 -9.07954709]
26.400000000000006 [0.         0.98327487 0.03042652] [ -6.80250534 -10.18999256]
27.500000000000007 [0.         0.92275661 0.29407666] [-7.6105068  -8.40288302]
28.60000000000001 [0.         0.99581529 0.12935576] [-3.08132727 -9.86654673]
29.70000000000001 [0.         0.99033895 0.21689698] [-1.86999436 -9.15632597]
30.80000000000001 [1.         0.00270321 0.64719665] [-66.55770356  -1.7657848 ]
31.000000000000014 [0.         0.20018989 0.67365327] [-6.65901224 -7.06201389]
32.100000000000016 [0.         0.97049369 0.13343943] [-1.37454129 -9.86473711]
33.20000000000002 [0.        0.4706209 0.115834 ] [ -8.60584808 -11.6487421 ]
34.30000000000002 [0.         0.99266699 0.11861552] [-3.13546919 -9.92595837]
34.50000000000002 [0.         0.12636753 0.87682062] [-2.78964424 -5.1304705 ]
35.60000000000002 [0.         0.12381998 0.84800823] [-1.62976826 -5.21283953]
36.700000000000024 [0.         0.10022689 0.91948261] [-2.719222   -4.43472813]
37.800000000000026 [0.         0.12749888 0.84064091] [-1.66508934 -5.31287764]
39.800000000000026 [1.         0.12636753 0.87682062] [-1.33824201 -5.44320463]
40.90000000000003 [0.         0.09961493 0.94530153] [-3.70201071 -4.32893983]
42.00000000000003 [0.         0.94462572 0.13554843] [-1.28980019 -9.87802145]
43.10000000000003 [0.         0.09784448 0.86219152] [-1.61530633 -4.59560175]
44.20000000000003 [0.         0.14090976 0.86266606] [-3.88867471 -5.42358837]
45.30000000000003 [0.         0.94655709 0.13314819] [-1.26500684 -9.89025474]
46.400000000000034 [0.         0.90909276 0.1873609 ] [-4.22689916 -9.5220068 ]
47.500000000000036 [0.         0.10721075 0.81733911] [-1.2103642  -5.00666655]
48.60000000000004 [0.         0.15204703 0.78405861] [-2.37582874 -5.96991103]
49.70000000000004 [0.         0.1474001  0.75628723] [-1.52405315 -6.06244779]
50.80000000000004 [0.         0.14803868 0.82399009] [-3.16146072 -5.7085193 ]
51.90000000000004 [0.         0.10509469 0.98257389] [-6.25359227 -4.31882886]
53.00000000000004 [0.         0.96277032 0.01687167] [ -6.13795127 -10.21661432]
54.100000000000044 [0.         0.96239507 0.11052229] [-1.67252025 -9.99175359]
55.200000000000045 [0.         0.16025992 0.72961138] [-2.29104652 -6.38362521]
56.30000000000005 [0.         0.22010386 0.62289403] [-9.05873085 -7.50192871]
57.40000000000005 [0.         0.95914225 0.10329816] [ -1.80966457 -10.02684644]
57.60000000000005 [0.         0.56542131 0.18327984] [ -1.66541083 -10.54417011]
58.70000000000005 [0.         0.58231973 0.10747257] [ -2.68310293 -11.01650416]
59.800000000000054 [0.         0.6090939  0.18511639] [ -5.86542738 -10.319994  ]
60.900000000000055 [0.         0.51737911 0.13206811] [ -2.20575233 -11.24007452]
62.00000000000006 [0.         0.52324805 0.09394051] [ -2.99918835 -11.4095084 ]
63.10000000000006 [0.         0.57759009 0.07527728] [ -3.1231532  -11.17298257]
65.10000000000005 [1.         0.99607127 0.10023344] [ -3.72720179 -10.11315032]
66.20000000000005 [1.         0.99980858 0.19725947] [-1.92987361 -9.37256391]
67.30000000000004 [0.         0.09244818 0.84292111] [-1.98277012 -4.53506013]
68.40000000000003 [0.         0.5147671  0.14043952] [ -2.203223   -11.19830598]
69.50000000000003 [0.         0.99189033 0.37674127] [-9.40784536 -7.51039575]
70.60000000000002 [0.         0.14150649 0.86594547] [-4.13988414 -5.41678281]
71.70000000000002 [1.         0.12381998 0.84800823] [-0.59366538 -5.53906213]
72.80000000000001 [1.         0.99033895 0.21689698] [-1.42655562 -9.17118438]
73.9 [1.         0.96509497 0.15123022] [-0.47341906 -9.8355748 ]
74.1 [0.         0.5349082  0.29024804] [-4.10816851 -9.47430342]
76.1 [1.         0.56542131 0.18327984] [ -1.47119453 -10.57990272]
77.19999999999999 [0.         0.95969564 0.24029232] [-2.10570571 -8.94022852]
78.29999999999998 [1.         0.99065169 0.19889222] [-1.30581242 -9.36231155]
79.39999999999998 [1.         0.12749888 0.84064091] [-0.62739848 -5.63219764]
80.49999999999997 [0.         0.54367805 0.28269965] [-3.99665709 -9.52134898]
81.59999999999997 [0.         0.51131898 0.22431703] [ -2.13967179 -10.39142104]
82.69999999999996 [1.         0.1474001  0.75628723] [-0.99848636 -6.34870414]
83.79999999999995 [1.         0.10721075 0.81733911] [-1.08686018 -5.37574372]
84.89999999999995 [1.         0.94655709 0.13314819] [-0.72906083 -9.98948365]
85.09999999999994 [0.         0.15442542 0.31268984] [-39.9139686 -10.1528341]
85.29999999999993 [0.         0.76079263 0.99819895] [-204.98592336   -4.1717952 ]
86.39999999999992 [0.         0.57722859 0.23789282] [-4.1314774  -9.89195981]
87.49999999999991 [1.         0.94462572 0.13554843] [-0.76445601 -9.97507556]
88.59999999999991 [1.         0.00531005 0.01135513] [-293.82575585   -3.55184837]
88.7999999999999 [0.         0.89863767 0.53717013] [-42.31462749  -6.25504021]
89.89999999999989 [0.         0.08421126 0.97389332] [-4.34144965 -3.86795834]
90.99999999999989 [0.         0.49041991 0.18534859] [ -3.69782738 -10.9526574 ]
92.09999999999988 [1.         0.96820439 0.2261963 ] [-1.13943411 -9.08765842]
93.19999999999987 [0.         0.51820071 0.02566272] [ -7.24740439 -11.61317655]
94.29999999999987 [0.         0.94143929 0.07561067] [ -2.69859094 -10.14666266]
95.39999999999986 [1.         0.97049369 0.13343943] [-0.82743522 -9.96396168]
96.49999999999986 [0.         0.09861037 0.80107488] [-2.05281104 -4.86919886]
97.59999999999985 [1.         0.09784448 0.86219152] [-1.21215973 -4.96328073]
98.69999999999985 [0.         0.98048566 0.09645086] [ -2.96240935 -10.03468742]
98.89999999999984 [0.         0.51730852 0.42408899] [-14.29731919  -8.07441091]
99.99999999999983 [0.         0.16318171 0.6962192 ] [-2.45281564 -6.62764161]
101.09999999999982 [0.         0.91540765 0.14658374] [-3.01977959 -9.84132488]
102.19999999999982 [0.         0.50106317 0.37638916] [-9.61301517 -8.64884889]
103.29999999999981 [1.         0.15204703 0.78405861] [-1.46965849 -6.23598849]
104.3999999999998 [0.         0.13179786 0.7163272 ] [-1.68988512 -6.03875271]
105.4999999999998 [1.         0.96239507 0.11052229] [ -1.08172736 -10.10168411]
106.5999999999998 [1.         0.51737911 0.13206811] [ -1.45791352 -11.33840894]
107.69999999999979 [1.         0.93712302 0.11802031] [ -1.21012807 -10.09123097]
108.79999999999978 [1.         0.98292648 0.14405854] [-1.23844398 -9.87653356]
109.89999999999978 [0.         0.19751911 0.52831513] [-8.49422252 -8.23683457]
110.99999999999977 [1.         0.10022689 0.91948261] [-1.41626927 -4.7833978 ]
112.09999999999977 [1.         0.95969564 0.24029232] [-1.73379539 -8.93996652]
113.19999999999976 [1.         0.5147671  0.14043952] [ -1.50192086 -11.28791415]
114.29999999999976 [1.         0.95914225 0.10329816] [ -1.20384931 -10.13493252]
115.39999999999975 [0.         0.91787662 0.08105379] [ -3.54582921 -10.15771723]
116.49999999999974 [1.         0.93012636 0.18126766] [-1.82864402 -9.59774972]
117.59999999999974 [1.         0.16025992 0.72961138] [-1.7948204  -6.63761499]
118.69999999999973 [0.         0.59643307 0.11752564] [ -3.73343824 -10.89531342]
119.79999999999973 [1.         0.95095261 0.23342026] [-1.86306106 -9.02366081]
120.89999999999972 [0.         0.16023047 0.66111751] [-2.79384625 -6.82930138]
121.99999999999972 [1.         0.14803868 0.82399009] [-1.9011809  -5.97707907]
123.09999999999971 [0.00000000e+00 6.64218590e-04 9.41667795e-01] [-17.71889253  -1.26087514]
124.1999999999997 [1.         0.13179786 0.7163272 ] [-2.02024988 -6.38221269]
125.2999999999997 [1.         0.63083181 0.997994  ] [-189.8649896    -4.33578269]
126.3999999999997 [0.         0.59288027 0.0100637 ] [ -6.76749659 -11.19761136]
127.49999999999969 [0.         0.98837384 0.10204481] [ -3.36260481 -10.00519378]
128.59999999999968 [1.         0.52324805 0.09394051] [ -2.02860452 -11.50834252]
129.69999999999968 [1.         0.51131898 0.22431703] [ -1.92726191 -10.38744249]
130.79999999999967 [1.         0.09244818 0.84292111] [-2.07603541 -4.91293562]
130.99999999999966 [0.         0.98788917 0.60332299] [-40.0960618   -5.75938878]
132.09999999999965 [1.         0.58231973 0.10747257] [ -2.09876353 -11.12346372]
133.19999999999965 [1.         0.08421126 0.97389332] [-2.78397676 -4.20989414]
134.29999999999964 [1.         0.09961493 0.94530153] [-2.05212932 -4.67128785]
135.39999999999964 [0.         0.16554561 0.66595992] [-2.8872291  -6.85745099]
